0;2.0;2.4;2.8;3.2;3.7;4.2;4.8;Perempuan
1;2.7;3.2;3.6;4.2;4.8;5.5;6.2;Perempuan
2;3.4;3.9;4.5;5.1;5.8;6.6;7.5;Perempuan
3;4.0;4.5;5.2;5.8;6.6;7.5;8.5;Perempuan
4;4.4;5.0;5.7;6.4;7.3;8.2;9.3;Perempuan
5;4.8;5.4;6.1;6.9;7.8;8.8;10.0;Perempuan
6;5.1;5.7;6.5;7.3;8.2;9.3;10.6;Perempuan
7;5.3;6.0;6.8;7.6;8.6;9.8;11.1;Perempuan
8;5.6;6.3;7.0;7.9;9.0;10.2;11.6;Perempuan
9;5.8;6.5;7.3;8.2;9.3;10.5;12.0;Perempuan
10;5.9;6.7;7.5;8.5;9.6;10.9;12.4;Perempuan
11;6.1;6.9;7.7;8.7;9.9;11.2;12.8;Perempuan
12;6.3;7.0;7.9;8.9;10.1;11.5;13.1;Perempuan
13;6.4;7.2;8.1;9.2;10.4;11.8;13.5;Perempuan
14;6.6;7.4;8.3;9.4;10.6;12.1;13.8;Perempuan
15;6.7;7.6;8.5;9.6;10.9;12.4;14.1;Perempuan
16;6.9;7.7;8.7;9.8;11.1;12.6;14.5;Perempuan
17;7.0;7.9;8.9;10.0;11.4;12.9;14.8;Perempuan
18;7.2;8.1;9.1;10.2;11.6;13.2;15.1;Perempuan
19;7.3;8.2;9.2;10.4;11.8;13.5;15.4;Perempuan
20;7.5;8.4;9.4;10.6;12.1;13.7;15.7;Perempuan
21;7.6;8.6;9.6;10.9;12.3;14.0;16.0;Perempuan
22;7.8;8.7;9.8;11.1;12.5;14.3;16.4;Perempuan
23;7.9;8.9;10.0;11.3;12.8;14.6;16.7;Perempuan
24;8.1;9.0;10.2;11.5;13.0;14.8;17.0;Perempuan
25;8.2;9.2;10.3;11.7;13.3;15.1;17.3;Perempuan
26;8.4;9.4;10.5;11.9;13.5;15.4;17.7;Perempuan
27;8.5;9.5;10.7;12.1;13.7;15.7;18.0;Perempuan
28;8.6;9.7;10.9;12.3;14.0;16.0;18.3;Perempuan
29;8.8;9.8;11.1;12.5;14.2;16.2;18.7;Perempuan
30;8.9;10.0;11.2;12.7;14.4;16.5;19.0;Perempuan
31;9.0;10.1;11.4;12.9;14.7;16.8;19.3;Perempuan
32;9.1;10.3;11.6;13.1;14.9;17.1;19.6;Perempuan
33;9.3;10.4;11.7;13.3;15.1;17.3;20.0;Perempuan
34;9.4;10.5;11.9;13.5;15.4;17.6;20.3;Perempuan
35;9.5;10.7;12.0;13.7;15.6;17.9;20.6;Perempuan
36;9.6;10.8;12.2;13.9;15.8;18.1;20.9;Perempuan
37;9.7;10.9;12.4;14.0;16.0;18.4;21.3;Perempuan
38;9.8;11.1;12.5;14.2;16.3;18.7;21.6;Perempuan
39;9.9;11.2;12.7;14.4;16.5;19.0;22.0;Perempuan
40;10.1;11.3;12.8;14.6;16.7;19.2;22.3;Perempuan
41;10.2;11.5;13.0;14.8;16.9;19.5;22.7;Perempuan
42;10.3;11.6;13.1;15.0;17.2;19.8;23.0;Perempuan
43;10.4;11.7;13.3;15.2;17.4;20.1;23.4;Perempuan
44;10.5;11.8;13.4;15.3;17.6;20.4;23.7;Perempuan
45;10.6;12.0;13.6;15.5;17.8;20.7;24.1;Perempuan
46;10.7;12.1;13.7;15.7;18.1;20.9;24.5;Perempuan
47;10.8;12.2;13.9;15.9;18.3;21.2;24.8;Perempuan
48;10.9;12.3;14.0;16.1;18.5;21.5;25.2;Perempuan
49;11.0;12.4;14.2;16.3;18.8;21.8;25.5;Perempuan
50;11.1;12.6;14.3;16.4;19.0;22.1;25.9;Perempuan
51;11.2;12.7;14.5;16.6;19.2;22.4;26.3;Perempuan
52;11.3;12.8;14.6;16.8;19.4;22.6;26.6;Perempuan
53;11.4;12.9;14.8;17.0;19.7;22.9;27.0;Perempuan
54;11.5;13.0;14.9;17.2;19.9;23.2;27.4;Perempuan
55;11.6;13.2;15.1;17.3;20.1;23.5;27.7;Perempuan
56;11.7;13.3;15.2;17.5;20.3;23.8;28.1;Perempuan
57;11.8;13.4;15.3;17.7;20.6;24.1;28.5;Perempuan
58;11.9;13.5;15.5;17.9;20.8;24.4;28.8;Perempuan
59;12.0;13.6;15.6;18.0;21.0;24.6;29.2;Perempuan
60;12.1;13.7;15.8;18.2;21.2;24.9;29.5;Perempuan
0;2.1;2.5;2.9;3.3;3.9;4.4;5.0;Laki-laki
1;2.9;3.4;3.9;4.5;5.1;5.8;6.6;Laki-laki
2;3.8;4.3;4.9;5.6;6.3;7.1;8.0;Laki-laki
3;4.4;5.0;5.7;6.4;7.2;8.0;9.0;Laki-laki
4;4.9;5.6;6.2;7.0;7.8;8.7;9.7;Laki-laki
5;5.3;6.0;6.7;7.5;8.4;9.3;10.4;Laki-laki
6;5.7;6.4;7.1;7.9;8.8;9.8;10.9;Laki-laki
7;5.9;6.7;7.4;8.3;9.2;10.3;11.4;Laki-laki
8;6.2;6.9;7.7;8.6;9.6;10.7;11.9;Laki-laki
9;6.4;7.1;8.0;8.9;9.9;11.0;12.3;Laki-laki
10;6.6;7.4;8.2;9.2;10.2;11.4;12.7;Laki-laki
11;6.8;7.6;8.4;9.4;10.5;11.7;13.0;Laki-laki
12;6.9;7.7;8.6;9.6;10.8;12.0;13.3;Laki-laki
13;7.1;7.9;8.8;9.9;11.0;12.3;13.7;Laki-laki
14;7.2;8.1;9.0;10.1;11.3;12.6;14.0;Laki-laki
15;7.4;8.3;9.2;10.3;11.5;12.8;14.3;Laki-laki
16;7.5;8.4;9.4;10.5;11.7;13.1;14.6;Laki-laki
17;7.7;8.6;9.6;10.7;12.0;13.4;14.9;Laki-laki
18;7.8;8.8;9.8;10.9;12.2;13.7;15.3;Laki-laki
19;8.0;8.9;10.0;11.1;12.5;13.9;15.6;Laki-laki
20;8.1;9.1;10.1;11.3;12.7;14.2;15.9;Laki-laki
21;8.2;9.2;10.3;11.5;12.9;14.5;16.2;Laki-laki
22;8.4;9.4;10.5;11.8;13.2;14.7;16.5;Laki-laki
23;8.5;9.5;10.7;12.0;13.4;15.0;16.8;Laki-laki
24;8.6;9.7;10.8;12.2;13.6;15.3;17.1;Laki-laki
25;8.8;9.8;11.0;12.4;13.9;15.5;17.5;Laki-laki
26;8.9;10.0;11.2;12.5;14.1;15.8;17.8;Laki-laki
27;9.0;10.1;11.3;12.7;14.3;16.1;18.1;Laki-laki
28;9.1;10.2;11.5;12.9;14.5;16.3;18.4;Laki-laki
29;9.2;10.4;11.7;13.1;14.8;16.6;18.7;Laki-laki
30;9.4;10.5;11.8;13.3;15.0;16.9;19.0;Laki-laki
31;9.5;10.7;12.0;13.5;15.2;17.1;19.3;Laki-laki
32;9.6;10.8;12.1;13.7;15.4;17.4;19.6;Laki-laki
33;9.7;10.9;12.3;13.8;15.6;17.6;19.9;Laki-laki
34;9.8;11.0;12.4;14.0;15.8;17.8;20.2;Laki-laki
35;9.9;11.2;12.6;14.2;16.0;18.1;20.4;Laki-laki
36;10.0;11.3;12.7;14.3;16.2;18.3;20.7;Laki-laki
37;10.1;11.4;12.9;14.5;16.4;18.6;21.0;Laki-laki
38;10.2;11.5;13.0;14.7;16.6;18.8;21.3;Laki-laki
39;10.3;11.6;13.1;14.8;16.8;19.0;21.6;Laki-laki
40;10.4;11.8;13.3;15.0;17.0;19.3;21.9;Laki-laki
41;10.5;11.9;13.4;15.2;17.2;19.5;22.1;Laki-laki
42;10.6;12.0;13.6;15.3;17.4;19.7;22.4;Laki-laki
43;10.7;12.1;13.7;15.5;17.6;20.0;22.7;Laki-laki
44;10.8;12.2;13.8;15.7;17.8;20.2;23.0;Laki-laki
45;10.9;12.4;14.0;15.8;18.0;20.5;23.3;Laki-laki
46;11.0;12.5;14.1;16.0;18.2;20.7;23.6;Laki-laki
47;11.1;12.6;14.3;16.2;18.4;20.9;23.9;Laki-laki
48;11.2;12.7;14.4;16.3;18.6;21.2;24.2;Laki-laki
49;11.3;12.8;14.5;16.5;18.8;21.4;24.5;Laki-laki
50;11.4;12.9;14.7;16.7;19.0;21.7;24.8;Laki-laki
51;11.5;13.1;14.8;16.8;19.2;21.9;25.1;Laki-laki
52;11.6;13.2;15.0;17.0;19.4;22.2;25.4;Laki-laki
53;11.7;13.3;15.1;17.2;19.6;22.4;25.7;Laki-laki
54;11.8;13.4;15.2;17.3;19.8;22.7;26.0;Laki-laki
55;11.9;13.5;15.4;17.5;20.0;22.9;26.3;Laki-laki
56;12.0;13.6;15.5;17.7;20.2;23.2;26.6;Laki-laki
57;12.1;13.7;15.6;17.8;20.4;23.4;26.9;Laki-laki
58;12.2;13.8;15.8;18.0;20.6;23.7;27.2;Laki-laki
59;12.3;14.0;15.9;18.2;20.8;23.9;27.6;Laki-laki
60;12.4;14.1;16.0;18.3;21.0;24.2;27.9;Laki-laki